well	radius	gfp	pi	viability	thresh	norm	date
0.0	30.0780124067633	2722.1519	784.75024	0.5092413230168216	0.04630146098465857	0.35442080044327073	D1
0.0	0.0	33.241283	70.92763	0.3302946024824791	0.04630146098465857	0.35442080044327073	D1
1.0	23.896176381821395	946.8922	202.4413	0.6385949276978784	0.024355734810308782	0.24396501603971238	D1
3.0	28.094446160235158	2454.7126	978.3583	0.320717557750241	0.04482930163237903	0.2694675698596074	D1
4.0	26.28154715048904	1699.3314	917.98584	0.2384031719516021	0.04636129837946843	0.28194397612289046	D1
5.0	28.280519927143118	856.3269	233.92982	0.2586081960146065	0.02013741722349971	0.07756414286410726	D1
6.0	28.472463318607748	2347.9495	1054.126	0.32378815175769704	0.04135669595017169	0.19624927562300104	D1
7.0	34.86764659810539	4020.86	1226.8947	0.19732242962065882	0.0503842468507181	0.17937928102459072	D1
7.0	12.190444997557718	248.19904	24.356379	1.0	0.0503842468507181	0.17937928102459072	D1
7.0	8.458517193783473	471.08444	217.7858	0.27162226787770616	0.0503842468507181	0.17937928102459072	D1
7.0	11.683459068971883	328.89664	0.13226822	1.0	0.0503842468507181	0.17937928102459072	D1
8.0	26.75823377734332	542.91046	442.25427	0.3156970565554148	0.02809391134212555	0.15502981400614108	D1
9.0	28.453563573200498	2321.3877	621.2913	0.2444699281202859	0.03248255355125615	0.16980729879730594	D1
10.0	27.904722124118216	784.9895	693.2284	0.22964754688949895	0.03441455509959231	0.15406458586777777	D1
11.0	27.445503759956043	762.7638	248.471	0.316807636108309	0.019718437934135982	0.0762786028940739	D1
12.0	31.896489416457875	3483.3735	763.0114	0.3853660626931015	0.038956216163452385	0.2436630335136844	D1
13.0	41.36501478435208	8661.832	3571.1042	0.18801189844999888	0.0881248901306172	0.322063561801052	D1
14.0	38.9866636937144	2696.2546	756.81006	0.24177263735325738	0.029219446028188798	0.1074062730465381	D1
15.0	0.0	814.25574	272.93896	0.22284533859464317	0.021935599882220262	0.027261380095857917	D1
15.0	0.0	76.55149	24.773138	0.22701511351080306	0.021935599882220262	0.027261380095857917	D1
15.0	0.0	494.6754	162.01537	0.2277921340567013	0.021935599882220262	0.027261380095857917	D1
15.0	0.0	9.247236	2.9470468	0.18183879743199172	0.021935599882220262	0.027261380095857917	D1
15.0	3.2388118653584717	303.55676	104.23459	0.19227667821516037	0.021935599882220262	0.027261380095857917	D1
15.0	0.0	48.327797	16.238829	0.20492807790795475	0.021935599882220262	0.027261380095857917	D1
15.0	0.0	16.782127	5.5060363	0.23504012153610865	0.021935599882220262	0.027261380095857917	D1
16.0	39.50921605999221	7935.2075	3479.094	0.24828367188409017	0.09855397290252313	0.4450163747668323	D1
17.0	27.911950390558353	791.4083	616.3015	0.231157009049333	0.030750114428026578	0.149474452807574	D1
18.0	31.57442281663255	3022.4663	1632.2858	0.18009680440929376	0.06654852558193956	0.25544615688677685	D1
18.0	11.068725284215231	755.4402	485.7531	0.29202019909498134	0.06654852558193956	0.25544615688677685	D1
19.0	30.44686345436763	1602.5065	305.73135	0.26485400468869313	0.022804142616356306	0.09437272683778816	D1
20.0	30.462319276399423	1627.8436	859.69824	0.3162685762413906	0.03912505639984086	0.20533191723778027	D1
21.0	32.11080194637468	1482.0236	987.0455	0.1946831387957232	0.04837825929850187	0.1521948919339543	D1
21.0	31.21458858422069	1304.928	708.3715	0.23628328601511106	0.04837825929850187	0.1521948919339543	D1
21.0	6.831296848965802	57.580303	36.698807	0.37315469831964077	0.04837825929850187	0.1521948919339543	D1
22.0	21.9421880938819	501.25784	92.6531	0.35002981097278074	0.014842556762273744	0.023649173617778265	D1
22.0	33.53462868205927	836.3195	38.917492	0.9119275838890679	0.014842556762273744	0.023649173617778265	D1
23.0	0.0	172.77916	142.22609	0.28511843317519037	0.06922716677886533	0.22835417021861912	D1
23.0	43.067736230028274	5572.7637	2430.64	0.18807984353476492	0.06922716677886533	0.22835417021861912	D1
24.0	37.46684007378067	10463.336	4926.192	0.14962697422314786	0.10111079869532605	0.29704750752813186	D1
25.0	35.38071519490471	3156.49	862.1685	0.27568939346741295	0.034227335646812504	0.14840777093457408	D1
26.0	39.46153250599364	5659.625	1966.2352	0.3031805226614942	0.06322762648710614	0.30963953304649183	D1
27.0	37.53856073680454	4382.0396	1540.4949	0.32565043147251305	0.057704349751748416	0.3236591966468104	D1
28.0	36.65398218280504	4641.0996	1269.3584	0.46643969440926303	0.05465233909358615	0.3595866918487908	D1
29.0	34.900416044051475	9977.333	5431.292	0.1679069158870109	0.11820839621772798	0.2995449529679176	D1
29.0	20.45447918244948	1433.1229	218.43628	0.9318898283501683	0.11820839621772798	0.2995449529679176	D1
30.0	36.388850440512236	4594.975	1957.5916	0.2846740125110573	0.07046177334452502	0.3937184128515382	D1
31.0	38.70797994902151	7945.907	4592.908	0.18071008443631265	0.1206591111905043	0.4921490858923442	D1
31.0	0.0	30.162304	46.39566	0.23117880423640524	0.1206591111905043	0.4921490858923442	D1
32.0	42.49561185090862	7531.5767	4771.4736	0.17309620674415938	0.1164125720660272	0.43253778685339084	D1
33.0	30.996249157986565	2035.8458	642.5097	0.278622665962998	0.031332192230193505	0.15627929581971814	D1
34.0	31.309230608022254	2065.59	742.3867	0.288122270270327	0.03388069786714798	0.1536117727846104	D1
35.0	44.788303002336576	3692.2205	4596.6396	0.14660400777332994	0.10529550297504181	0.34704968226560473	D1
36.0	33.26484941552114	1141.4153	615.6785	0.31913476554080944	0.029529820035886948	0.13057771483615968	D1
37.0	39.06936485865358	4531.9043	1536.5214	0.2619378324118459	0.053351922661551865	0.25937342714806844	D1
38.0	41.82735257229035	13538.946	7751.026	0.13960423833184543	0.13239419857447424	0.3385202151703131	D1
39.0	35.94448914437154	3632.7134	910.74506	0.4062374835938116	0.04447708836448231	0.27565316110254867	D1
40.0	39.72477648008927	8387.47	4696.5127	0.1739345466188118	0.10912058993871158	0.38099629294548265	D1
41.0	36.75840186530707	4405.874	924.9289	0.37410477972185563	0.039531108326339215	0.21274014283321907	D1
42.0	39.99805728473451	8576.485	4572.564	0.24852102463999393	0.12365035487618392	0.5634968702564018	D1
43.0	41.17111393692257	6520.4585	5721.9062	0.15486954778617712	0.1091296153076515	0.311005730629132	D1
44.0	31.674358948025777	1469.5878	694.1342	0.34547248618549864	0.032308988097235564	0.15900687076425027	D1
45.0	37.720831204201396	5193.5913	2251.8665	0.3922167761271711	0.08177289097266555	0.5084585392170817	D1
46.0	31.523269404641113	1674.0238	819.7633	0.3473983858331672	0.03932560372390191	0.2231859665199778	D1
47.0	5.8215507884058	499.58258	257.75662	0.19902775935143724	0.04478957042037528	0.10148553613038996	D1
47.0	32.32369357273995	2187.798	745.6052	0.17372503755162116	0.04478957042037528	0.10148553613038996	D1
47.0	9.356833781794789	96.71844	8.208942	1.0	0.04478957042037528	0.10148553613038996	D1
47.0	5.068215863626612	432.77832	224.36076	0.1967980073308948	0.04478957042037528	0.10148553613038996	D1
47.0	0.0	223.0985	114.39653	0.25941789788257386	0.04478957042037528	0.10148553613038996	D1
47.0	23.655780305953623	971.9411	261.46597	0.2334734252578914	0.04478957042037528	0.10148553613038996	D1
48.0	37.884479830292214	6400.311	2498.494	0.34106133488384993	0.07909654375933647	0.40480135198723627	D1
49.0	41.77748627517449	8834.002	3762.888	0.19819243843124834	0.10005626006386874	0.41165343921519854	D1
50.0	34.388003072916945	1243.0679	626.94507	0.24776993313264672	0.028396132083668566	0.11015365586967871	D1
51.0	34.78462137832071	3047.94	428.0717	0.37900172249194297	0.026245122914219814	0.1325739875650305	D1
52.0	36.844279695175274	4418.144	836.36725	0.31057539717986105	0.034433750829328605	0.16171299749675513	D1
53.0	31.803595021790418	852.085	245.7397	0.38260675881666817	0.02086787872105098	0.07609551315058552	D1
53.0	0.0	61.571407	85.41488	0.28027470499410645	0.02086787872105098	0.07609551315058552	D1
54.0	37.72796112226984	11960.351	5579.7695	0.130291406131136	0.0937378737338257	0.2214354056404379	D1
55.0	41.31621800579388	9151.944	4912.3257	0.16411153075307927	0.10600637437109332	0.34109910879333016	D1
56.0	38.132162825882155	8000.082	6536.6235	0.15691738667695554	0.11376047215460365	0.2939254740350506	D1
57.0	37.87560405296864	5184.5176	3241.7258	0.2896848553168334	0.09713914720442299	0.5011417373589584	D1
58.0	47.58366385117273	13801.244	8615.7705	0.11630280082281386	0.1327272640111484	0.2666603439305016	D1
59.0	35.841450498963454	3573.164	1629.084	0.43714934834932306	0.06615449146423313	0.435316859785664	D1
60.0	35.45855229287258	5751.003	4256.722	0.18675327005546638	0.11437323494551777	0.47828828246976085	D1
61.0	36.745594378143096	4963.738	2154.2166	0.35935004961683936	0.07775664963884368	0.45241508653550067	D1
62.0	44.99052884732873	7820.634	4124.658	0.20527687443665532	0.11434233037502722	0.35760437195357403	D1
63.0	36.43686416915836	9740.417	5325.8115	0.14774274138162968	0.11018236341000462	0.3260752410325186	D1
64.0	45.49437784150595	5921.7207	2671.3406	0.18233540945800386	0.0663200413229444	0.2212095330463075	D1
65.0	35.66277345935038	2220.4734	863.9411	0.2914534900320951	0.03551523182783958	0.16384606346201558	D1
66.0	41.19886993067377	8407.534	2957.424	0.22261207076786016	0.08196361273260186	0.34822819115806214	D1
67.0	41.01730056545983	6973.315	4247.1147	0.19640090921751596	0.0971727697411939	0.3270876568251794	D1
68.0	39.44278390942446	7566.7256	2490.0408	0.29667585885224135	0.07817876011240872	0.40387471801146424	D1
69.0	39.095173095438334	7707.146	1803.5503	0.4730185700376377	0.0685804105078816	0.4377670479477417	D1
70.0	42.29576574306335	10115.748	6450.4155	0.18429368283607594	0.11921692050016701	0.3337869911808435	D1
71.0	40.15075100047263	7864.9336	5561.561	0.16283071199019916	0.12207381052672431	0.41234984685168957	D1
71.0	0.0	31.479448	32.663628	0.2596887938711493	0.12207381052672431	0.41234984685168957	D1
72.0	37.14962425082696	7295.5312	5903.353	0.1592101005694755	0.10668210210719978	0.2749041448529968	D1
72.0	0.0	17.40464	29.357033	0.2050574300653577	0.10668210210719978	0.2749041448529968	D1
72.0	6.651756907333758	85.33645	30.167177	0.678349783735321	0.10668210210719978	0.2749041448529968	D1
72.0	0.0	67.72645	73.55478	0.17430047730431553	0.10668210210719978	0.2749041448529968	D1
73.0	36.96817535781777	6605.9224	4526.876	0.22947039278374137	0.11813699735866245	0.49111532165607913	D1
74.0	48.43385203695223	16065.698	7045.765	0.14359172720410618	0.12952605615625035	0.3323669552768611	D1
75.0	38.73229291832112	5717.166	2328.2122	0.2810445860894474	0.0712491528753488	0.3433122527663935	D1
76.0	39.27535590784778	7071.2305	3971.755	0.29150718098536244	0.11962540137870127	0.626529877390345	D1
77.0	29.853613477268407	1520.6414	699.7395	0.29279252995012317	0.03409816180507279	0.16933697629830013	D1
78.0	41.312962837933334	11155.277	6196.7656	0.13095644513989713	0.11600861112760337	0.29827182194138235	D1
79.0	41.397514015311586	8197.871	2449.5815	0.3621354886715019	0.08172704137684268	0.4463767392575775	D1
80.0	42.349785374982964	8605.716	4352.391	0.2290336430207084	0.1086518602817593	0.4334780013592415	D1
81.0	36.63746765969471	3634.0667	1158.9464	0.2674412487121428	0.03927475284759102	0.1549088964764122	D1
82.0	39.927386310934146	6114.6743	2536.0369	0.2858622723608143	0.08223606428915801	0.4304701803816466	D1
83.0	39.15360878485296	8387.144	4516.01	0.18689698910248986	0.11128482466683684	0.4262571182340411	D1
84.0	41.82413718599416	9408.73	4652.353	0.23407303167672444	0.12001998888276764	0.48751576356284343	D1
84.0	0.0	114.034645	169.01396	0.24744403021578687	0.12001998888276764	0.48751576356284343	D1
85.0	36.88805509243078	7587.478	4251.6187	0.17360494692791095	0.10596801001449711	0.4042702205393313	D1
86.0	33.84599127580645	5055.3125	3200.7134	0.3028053038756706	0.11490086182894292	0.7041807329524117	D1
87.0	40.95988205836692	8682.58	3791.4746	0.28283164640349556	0.11031889864176783	0.549616987603506	D1
88.0	37.62980633039862	6273.764	1696.4856	0.4019730499497889	0.06382191733694867	0.3698144253338359	D1
89.0	36.628289707282434	7603.0356	3570.8838	0.26729748526724006	0.11021171839919679	0.5604578590319903	D1
90.0	40.229387821179294	8099.7627	4751.124	0.1854996755933821	0.11314252550923158	0.4129009733138538	D1
91.0	37.93414580513672	5160.6416	1472.1514	0.44032831667354033	0.06332616615242913	0.40122398847781615	D1
92.0	46.69209099174072	11334.164	15671.301	0.14913943524983397	0.2994965786361461	0.8752590080324218	D1
92.0	6.508691648671432	144.19057	129.05383	0.4463440490218308	0.2994965786361461	0.8752590080324218	D1
93.0	39.712925665388404	8916.211	3258.9395	0.25929104837447425	0.09672729789467893	0.476094633397078	D1
94.0	38.409772431398075	6342.375	5245.9844	0.1667046664973727	0.12011716109881601	0.4222876161272332	D1
95.0	40.25445234220109	9242.991	2646.5652	0.24423582133863342	0.07745376953827389	0.34670045708290587	D1
96.0	39.8616510756012	5559.158	1586.5587	0.5794993366132917	0.06675451294717968	0.4873962440102674	D1
97.0	38.73923667831206	5759.305	1737.3978	0.4270611532673395	0.06808357519596006	0.43359938443686574	D1
98.0	37.779612786845384	7716.5894	6014.9287	0.1586241550183849	0.12384944322755827	0.38676321634282085	D1
98.0	0.0	32.80144	50.028194	0.2641115685538613	0.12384944322755827	0.38676321634282085	D1
99.0	36.973631780866526	4675.947	1414.9264	0.5190466332637023	0.059203221732991126	0.41437438489474243	D1
100.0	37.68872988111202	6448.367	2876.425	0.40185662867847627	0.09894962598148029	0.5886901082268645	D1
101.0	41.68402782495303	10030.458	4803.6274	0.2055087878162145	0.11501464323636729	0.42484796705739936	D1
101.0	0.0	39.615788	40.60683	0.2810636603434623	0.11501464323636729	0.42484796705739936	D1
102.0	38.16036709218337	8569.046	5540.249	0.1928167068217126	0.11919585884467175	0.38960925094475796	D1
103.0	33.86783829295879	3217.6506	1446.9847	0.43029062927350903	0.06724955539655578	0.4649020793044016	D1
104.0	35.331266232661854	10914.344	6460.635	0.13906989325066144	0.12462883913692618	0.35794440700459407	D1
105.0	35.052295620600724	9308.034	6176.4595	0.1570684533093739	0.13280022392074323	0.4379484105960062	D1
106.0	38.04035454067339	7266.1943	3883.8052	0.22246443131341032	0.11080938731748806	0.5108344478775152	D1
107.0	40.232730659509976	8558.994	4650.0015	0.19878080795807018	0.11396074072352198	0.4439930018643353	D1
108.0	39.82621023908517	6239.1523	3027.5725	0.29892877467426815	0.09126019676126694	0.4602294672011835	D1
109.0	0.0	121.11926	71.96287	0.3425146424042993	0.10941592861541628	0.3841000047492904	D1
109.0	43.95327450941784	8095.8457	3610.3713	0.18763308637743192	0.10941592861541628	0.3841000047492904	D1
109.0	0.0	385.06458	582.46094	0.2931040814026261	0.10941592861541628	0.3841000047492904	D1
110.0	39.52623195985513	6709.162	2508.2034	0.3048027449323474	0.07919997887200703	0.40946376433688725	D1
111.0	37.66017240030671	6914.7656	4194.675	0.20123525588630198	0.10931445450269935	0.4464932368914528	D1
112.0	7.613372084651639	980.2121	914.58954	0.2306511030530075	0.09805204957719148	0.33791349864711034	D1
112.0	21.044290373480443	1899.5935	986.12665	0.2587397756230858	0.09805204957719148	0.33791349864711034	D1
112.0	38.59141296494213	6142.511	2372.2256	0.2455657076858987	0.09805204957719148	0.33791349864711034	D1
113.0	33.327455203954436	3375.5027	1522.4412	0.5658278789968507	0.07108567722055682	0.5784247888933627	D1
114.0	39.92401790612696	7789.809	3598.5676	0.3447973620974494	0.11284298587819044	0.6181483327561992	D1
115.0	39.42402639672303	7370.8164	5232.0366	0.2280159536878521	0.12592613014040088	0.48504528955217907	D1
116.0	37.77071236671885	5168.81	1588.1108	0.4123299033862531	0.06228992194387844	0.37768214493224783	D1
117.0	39.95264029480732	5532.2363	3954.9294	0.22906042534881144	0.11352452852013353	0.5318037970477416	D1
118.0	37.78673161351246	6105.905	5492.822	0.1966557055406587	0.1342218211399016	0.5220618621968751	D1
119.0	36.61360019808638	4957.039	2132.7898	0.33601015578019533	0.08262921797834587	0.5133188249205783	D1
120.0	36.66682166953904	4833.0522	1744.0507	0.25314952797794665	0.061810750409903865	0.3190503935113258	D1
121.0	39.89706042978786	7783.527	3923.6125	0.23856222522924164	0.11386251864540005	0.5551595353699543	D1
122.0	38.11981689739866	5757.833	1699.4259	0.26828634925763784	0.055462445061840726	0.25991015064175393	D1
122.0	0.0	22.462778	40.05096	0.36070607555237666	0.055462445061840726	0.25991015064175393	D1
123.0	36.028574306526664	4059.6174	1967.8037	0.24045936319400607	0.06450185914393455	0.30274778512919187	D1
124.0	39.40525995515669	5273.2056	2342.1067	0.22965936953993094	0.07372210174607662	0.36973279128099373	D1
125.0	41.226607237584936	8320.753	6360.231	0.17692560987974149	0.13856035577094922	0.4716111164158894	D1
126.0	37.59047265027709	6406.6265	4366.406	0.21056659481527962	0.11674833619558372	0.4904481051577849	D1
126.0	0.0	37.662292	73.36012	0.2660210444077452	0.11674833619558372	0.4904481051577849	D1
127.0	37.20930821132997	4921.952	1868.8059	0.4891170399938384	0.07427016085387511	0.5168093658494428	D1
128.0	39.447898046743774	8049.1787	4277.411	0.2619109291245387	0.1170995051242147	0.5339248471749827	D1
129.0	37.15324418986121	5452.294	2709.9634	0.40855899853147515	0.09286381155379934	0.5436514353103129	D1
130.0	36.10873940499941	4712.026	1753.0531	0.3437322259111045	0.0671830304912267	0.4057097969331831	D1
131.0	36.73827380941259	7069.9453	2362.2551	0.2607498197008894	0.07758406477448615	0.4003788426252526	D1
132.0	38.94697381887067	6230.9946	2268.4546	0.34325330976716517	0.07836776671046981	0.44298943257325674	D1
133.0	37.49913134725503	5065.096	1377.2189	0.3557609633308493	0.05390283522198443	0.2897099957273395	D1
134.0	36.98272403030456	5620.2515	3164.7441	0.233884746798236	0.09725254600407678	0.474952236098836	D1
135.0	37.37879471967411	4976.015	1426.9198	0.3637982385024938	0.05585892451949663	0.320276693012637	D1
136.0	38.860551634043546	5420.3447	1368.1033	0.3533317669732279	0.04884323594351228	0.2536883563930301	D1
137.0	37.00271911492054	3757.753	1255.3921	0.3111453256262471	0.04814657649600556	0.2519292447839293	D1
138.0	34.557705811936444	2874.9324	863.67896	0.3458814652339526	0.04012799250055167	0.2259499990558185	D1
139.0	40.77724856274666	10047.681	4111.6406	0.20197826606922442	0.10427395819172287	0.41615947685549587	D1
140.0	34.8000829287579	4477.676	1257.0903	0.60256535299495	0.06383802245542222	0.5376699025206805	D1
141.0	37.214729279500155	4739.9697	1271.1576	0.472251888570953	0.05482461460651008	0.38010411687691575	D1
142.0	35.81892994977231	4470.723	2309.3135	0.38100991581126464	0.0878795258928564	0.5602033930447565	D1
143.0	35.90518201297242	5654.5635	2026.1167	0.44905865900277286	0.08130227806120638	0.5389687290014435	D1
144.0	37.31577799341177	4442.3906	1841.5085	0.3880782810262867	0.07082371481636615	0.4308908803811048	D1
145.0	35.228342759061896	5334.5586	1827.488	0.295957617797557	0.06790538028822257	0.38699067220828914	D1
146.0	36.38145808889903	4293.9463	2946.8547	0.24257580887046604	0.09637819030714109	0.5119410322134972	D1
147.0	36.853403857593236	5155.5483	2383.0725	0.41506884126611177	0.08747729509339842	0.53856528548677	D1
148.0	35.89394349779921	4755.4414	1960.5355	0.2727814945704665	0.06710549903400374	0.34864565851331464	D1
149.0	37.019070696600686	4763.721	1860.0682	0.3040721185950017	0.06700724589068516	0.3647373326099137	D1
150.0	37.667313800276155	5522.2773	2436.5999	0.3133451216027263	0.08268777383484072	0.4584931331418134	D1
151.0	35.77196660198988	4625.8833	2862.536	0.2101447676303324	0.08424314554219621	0.36972329791979097	D1
152.0	36.48850060546816	4053.8784	1322.1898	0.4720061457138568	0.05655823289112349	0.3755365974528584	D1
153.0	39.21367221160571	6729.9097	2474.478	0.32377470645473583	0.08154735994880997	0.4478005216273062	D1
154.0	34.71495918281153	4832.287	976.85596	0.6434497629796867	0.05652805476027438	0.5012560455075801	D1
155.0	37.76002909331417	5175.5806	3481.8704	0.2073242613025088	0.10100595074085869	0.4721834626235767	D1
156.0	34.15648424482901	4368.9517	1514.9731	0.47734713545309126	0.06829862071208068	0.4780904252871977	D1
157.0	35.985621993261724	3564.4993	1374.7499	0.46105616691269313	0.057759188280328	0.3717964429774543	D1
158.0	37.900450991433225	5891.2944	2667.5854	0.38023892236708523	0.0986817888312797	0.6266874536288655	D1
159.0	40.5440684274943	7452.273	4038.5215	0.3305317226605715	0.12203105079449343	0.6477172285944939	D1
160.0	35.52107777495634	5253.299	1775.8228	0.32276679468388647	0.06418967511682062	0.34705519866558976	D1
160.0	0.0	31.790531	38.4611	0.3823509319129238	0.06418967511682062	0.34705519866558976	D1
161.0	35.82268435782725	3501.1301	1171.6332	0.3836730778265319	0.04947503898848296	0.2896817996851179	D1
162.0	35.728705801566456	4179.7334	499.54123	0.26108503829436525	0.023891452177065304	0.08237300142064719	D1
163.0	35.8208072029876	5775.4883	2600.6929	0.3265859545364621	0.09499732754247725	0.5853266756696343	D1
164.0	39.83465139350884	9777.673	4485.2896	0.19434201569515852	0.11400980913488437	0.45958863148287443	D1
165.0	34.76141615800735	4219.1973	940.49023	0.3925547660936213	0.04327603816110605	0.2582999260429717	D1
166.0	35.73058779507834	5012.2	1470.4191	0.5183745452303793	0.06680392189805157	0.47818322939815755	D1
166.0	0.0	50.74703	41.178043	0.4259538132431454	0.06680392189805157	0.47818322939815755	D1
167.0	40.482656846575324	9016.547	4510.8706	0.23450228318846733	0.11517066705924112	0.46703395577715634	D1
168.0	32.29872033163912	3702.4229	997.90515	0.6614785531379723	0.06014120504383771	0.593454169588541	D1
169.0	37.230987747959354	3954.9385	2375.4602	0.39670917248907145	0.0898761239550313	0.5823706943738811	D1
170.0	36.36112137267328	6554.0195	2637.2502	0.46486304638875875	0.10375674262987455	0.7378787983312243	D1
171.0	36.2110174863722	5961.835	2185.398	0.4839602751506257	0.08723839386672275	0.6096151368141722	D1
172.0	37.54751618716379	6320.603	1939.5399	0.3480476217774481	0.06998086781888044	0.3962005149935534	D1
173.0	37.39857804638535	6169.069	2485.8267	0.334862653257298	0.08176503060115199	0.4390805990304029	D1
174.0	36.24628284403372	4456.361	1323.135	0.33313453592519304	0.05041658139450776	0.26837112040888	D1
175.0	34.93507960105878	5262.726	1373.4822	0.333042148893554	0.05421324972153308	0.2990950902317247	D1
176.0	38.37649522325413	5178.0576	2837.7075	0.2726783155865137	0.0921450176029467	0.4973045065121795	D1
177.0	34.94855058826763	4545.2427	2143.0073	0.3167783951912878	0.07983737059229679	0.4796741298215054	D1
178.0	36.63563225315298	4976.69	1031.3013	0.5155226346496469	0.04942047007486176	0.3455138423284687	D1
179.0	37.328389849308834	6755.6777	3856.6997	0.17097281519246776	0.09633667651925835	0.35491799760236153	D1
180.0	0.0	37.196526	89.33841	0.29422893472972445	0.04900970339231723	0.27180332846432603	D1
180.0	35.11171445555282	3595.4753	1139.6836	0.374347455592697	0.04900970339231723	0.27180332846432603	D1
181.0	39.110649862978484	5214.3604	1862.5287	0.5724185998731512	0.07920697775913248	0.581985672836842	D1
182.0	33.586722896753734	4316.084	2389.6748	0.4134961887554287	0.09812990953150211	0.6838899296855343	D1
183.0	38.82419695031693	6038.6216	6010.4834	0.25320791575535895	0.17045639540386492	0.8361647131447365	D1
184.0	36.51613294612314	4836.35	2049.212	0.45951638832725517	0.08405443209779055	0.5899034659615744	D1
185.0	38.21847265653494	5388.914	964.666	0.6950741144875132	0.05130446588164734	0.44177541540808124	D1
186.0	33.21629937833824	5810.6934	1989.6243	0.29144576406355205	0.07391313661038001	0.4286640478414566	D1
187.0	29.495583757538064	2502.5527	776.1027	0.3755139610179352	0.07012315996521404	0.28576651452087054	D1
187.0	34.17813279222976	3626.9333	1627.3491	0.22696496996009063	0.07012315996521404	0.28576651452087054	D1
188.0	35.95384165126735	4403.2646	2333.766	0.3050169942517572	0.08006522600473263	0.4388066224939929	D1
189.0	37.962497188619906	6018.0728	3024.4165	0.307622444551492	0.09259587657104071	0.4720070379441391	D1
190.0	35.31413315177109	4402.618	1902.202	0.25432018988799476	0.0692138708912534	0.3723932760360428	D1
191.0	34.3899584365823	3221.9114	1350.555	0.25547608320497306	0.052899153896758505	0.2887664942866816	D1
192.0	36.81324062750779	5635.059	1217.8193	0.3564138120582273	0.051079347072112626	0.29434930294035916	D1
193.0	38.6157993262794	4133.874	1800.4006	0.3126981625516031	0.06262826053512982	0.33153487546649446	D1
194.0	37.52960314946323	5445.855	1438.7009	0.5648294017681159	0.06574193437391604	0.46495593905166505	D1
194.0	0.0	57.08178	102.73007	0.2979523470796167	0.06574193437391604	0.46495593905166505	D1
195.0	36.81506717942672	5630.85	2325.4548	0.3348564012966344	0.08083006014452213	0.45168425236803633	D1
196.0	38.39401313863365	5663.5737	2576.8801	0.4958661111449585	0.09814513431442667	0.677297225750544	D1
197.0	37.893353528638514	4949.871	2461.9963	0.4018206197700639	0.08983689379252678	0.5814728031802292	D1
198.0	36.43870958758843	6333.8716	3782.903	0.2714724382010707	0.11986880775011205	0.6452501092140904	D1
199.0	37.0789648025405	7220.544	3088.6914	0.277252439606672	0.09801510345233587	0.5195493572562601	D1
200.0	37.55467900985145	6049.8447	3226.597	0.29868750645113284	0.10553402783723954	0.5920260068373328	D1
201.0	36.745594378143096	6212.8467	3105.8054	0.326356083485586	0.10119775732784843	0.5601347953501059	D1
202.0	39.40014028341444	6265.986	4292.7114	0.2942389578546363	0.12700440989683956	0.6328395347408189	D1
203.0	35.95945198783131	5199.5103	3504.5703	0.27544610928887514	0.11846371028775692	0.6789767690469151	D1
204.0	36.88805509243078	4991.876	4784.1055	0.17970581813514308	0.1301323545328122	0.5527719554029359	D1
204.0	6.341237430256244	75.611465	23.841858	0.9453308880715904	0.1301323545328122	0.5527719554029359	D1
205.0	38.2800033913302	5650.098	1826.2312	0.601153568812089	0.0827150780726848	0.6508173863801895	D1
206.0	37.4345209456436	7203.5713	3956.4897	0.20531638042163147	0.1087488714942112	0.4694554261901912	D1
207.0	37.333793626187	7194.726	2358.9246	0.375932664533858	0.08412474416244194	0.48733926451860954	D1
208.0	38.79994157031969	7266.293	2926.1536	0.37958338432066474	0.09370666110512262	0.5153248741138237	D1
209.0	34.63156791436141	4037.1897	1958.9391	0.33690668004810664	0.07457294586413118	0.4498203478563549	D1
210.0	42.67246712339588	6463.2217	2307.8813	0.6260124166339959	0.0891330340053693	0.6582356958312992	D1
211.0	42.40690762925277	9716.037	3749.6763	0.3163717019477902	0.10834391338469629	0.540222095296231	D1
212.0	35.942618350962285	6826.8784	4812.6206	0.2133919059668311	0.1344457971311705	0.6182276575326715	D1
213.0	38.50244631654147	5910.279	3452.9321	0.37816115679787166	0.11556368159461318	0.6868224603360442	D1
214.0	40.28784744695095	6690.5684	2089.1868	0.5821944679233844	0.08438372431813693	0.6122583513958917	D1
215.0	37.369798836239056	8099.255	3636.3284	0.27085593100594707	0.11006244959133808	0.5504248362579323	D1
216.0	35.86958130189615	5539.3403	3821.9075	0.33784263981688034	0.13068376953313884	0.7911675208967037	D1
217.0	35.832068656931945	5586.8696	3075.2407	0.2627852514657667	0.10716965284338628	0.5942065268600988	D1
217.0	0.0	19.76509	29.328	0.3491565568967556	0.10716965284338628	0.5942065268600988	D1
217.0	0.0	53.949944	66.42754	0.3678923671064013	0.10716965284338628	0.5942065268600988	D1
218.0	36.928136954012274	5594.2095	4503.6343	0.19341919459846468	0.121711369584711	0.5211283007647078	D1
219.0	37.20207889161703	7344.3716	3975.7874	0.2173617101604408	0.11000331602159873	0.4669639283536132	D1
219.0	0.0	37.58606	60.621944	0.20750421960366283	0.11000331602159873	0.4669639283536132	D1
220.0	37.095282775175754	6196.913	2939.9019	0.2546531041963498	0.09671602075114383	0.5081819672722088	D1
221.0	37.84896423250661	5898.0356	2791.9575	0.2653174899783687	0.0901433589285164	0.46952145210447105	D1
222.0	34.442711294212884	5527.9717	4621.463	0.18967079624720395	0.12969029416734304	0.5742767135005669	D1
223.0	36.99908444872495	6187.856	1341.7238	0.36267941703424367	0.05523049528614453	0.3190089154066932	D1
224.0	40.25612275539525	7444.485	2983.8777	0.31130837573338443	0.0859223987471076	0.40990776835427867	D1
225.0	36.67048926861493	5941.302	2939.4592	0.3318371691615455	0.09350944256702257	0.5044271301513958	D1
226.0	37.44709280996614	7301.1606	4044.7385	0.26972344276905236	0.11477204175796067	0.543402241218009	D1
227.0	38.35896930772933	6780.7446	3652.2026	0.33258418242050025	0.11330314660208914	0.6127064223776022	D1
228.0	38.784340815824216	7917.3105	3859.2852	0.3292935259624875	0.12069594789763391	0.6471747401973571	D1
229.0	0.0	248.19681	401.76035	0.2161948197359982	0.09379496351273107	0.18514413690783582	D1
229.0	34.734323807055716	4400.729	2026.2064	0.17970350513274091	0.09379496351273107	0.18514413690783582	D1
229.0	20.26622857838226	1141.284	520.6027	0.16746819806292912	0.09379496351273107	0.18514413690783582	D1
229.0	18.332493866212427	1587.1128	1119.9773	0.16051784339806086	0.09379496351273107	0.18514413690783582	D1
229.0	0.0	41.21203	80.23272	0.23403061536896808	0.09379496351273107	0.18514413690783582	D1
229.0	0.0	17.09902	38.930317	0.17457248754778	0.09379496351273107	0.18514413690783582	D1
229.0	1.9405169294686002	190.40268	194.02458	0.16675315333303087	0.09379496351273107	0.18514413690783582	D1
230.0	39.17936152850127	7426.584	2015.2957	0.5471876091145509	0.08275296395520972	0.5913120449805007	D1
231.0	37.781392619262775	7207.8955	3017.3977	0.32551841162320727	0.1035565049218875	0.6017463691264093	D1
232.0	0.0	23.591192	48.081192	0.3212733381679541	0.13463283287788108	0.6738528334491256	D1
232.0	38.24309683034424	6740.304	4485.1733	0.29603954193398696	0.13463283287788108	0.6738528334491256	D1
233.0	36.02670787948852	6941.9873	4712.0327	0.20414026255043494	0.1316206963158476	0.5988111278539039	D1
234.0	37.093470021600005	6237.7285	4874.384	0.2043084009111491	0.1296735220260055	0.5476217195867641	D1
235.0	37.50988892759029	8562.0	3414.3188	0.24797158041260625	0.09942754830644839	0.45850290459997434	D1
236.0	0.0	31.359653	52.274944	0.2887862873244641	0.12263267560154292	0.5255247309393676	D1
236.0	38.91588394169364	5646.972	4551.273	0.26197465353346017	0.12263267560154292	0.5255247309393676	D1
237.0	40.316211536630114	7993.5894	4141.045	0.33583289684689	0.12220948222308717	0.628220707869954	D1
238.0	40.28784744695095	7215.8394	3368.7615	0.34550194850252847	0.1048425670558862	0.5340550785033112	D1
238.0	0.0	16.686676	33.66173	0.288706485949057	0.1048425670558862	0.5340550785033112	D1
238.0	0.0	61.1499	128.38522	0.2837231051026472	0.1048425670558862	0.5340550785033112	D1
239.0	43.35096703278248	7648.254	3803.1885	0.19262959752275366	0.08834967567559089	0.3192782494245142	D1
240.0	40.194271233618394	8308.798	4228.5693	0.29597768673606395	0.12219099088626993	0.598003359109299	D1
241.0	41.896423690619805	7618.1685	3183.812	0.3166897441320372	0.09146004737534225	0.4187315321171827	D1
241.0	0.0	24.754272	40.562782	0.22668359524807713	0.09146004737534225	0.4187315321171827	D1
242.0	37.37339744945326	5495.5464	4444.924	0.30278631137017586	0.13019557461442832	0.6432387184344315	D1
243.0	37.73152557606609	5224.678	3884.5894	0.21553644129098926	0.10293837606084964	0.4107040782141982	D1
243.0	0.0	28.243677	49.983765	0.2620348203104399	0.10293837606084964	0.4107040782141982	D1
244.0	38.80340755286895	7092.426	2650.1147	0.24501000296189113	0.09951843817987958	0.37754947654805376	D1
244.0	0.0	627.6287	767.4789	0.2610731332604591	0.09951843817987958	0.37754947654805376	D1
244.0	0.0	8.753346	30.833036	0.29153117222469505	0.09951843817987958	0.37754947654805376	D1
245.0	38.83285591443877	7271.897	4158.3364	0.22312913252510524	0.11517094310663567	0.5090047052390289	D1
246.0	33.4482948143302	6684.2686	4607.515	0.22572015406181078	0.1235732081146019	0.5308878743093917	D1
247.0	40.06860361284424	8825.031	3776.6348	0.2917478265556288	0.10842654495015855	0.5257943274026534	D1
248.0	37.37339744945326	7900.5103	3699.323	0.3380367151623742	0.11264828201005668	0.5551291399344969	D1
249.0	34.718832971718626	6422.811	4123.3706	0.26450649443320984	0.1202023990681493	0.5497164522350179	D1
249.0	0.0	44.29187	57.00286	0.25201968974000966	0.1202023990681493	0.5497164522350179	D1
250.0	42.438608992452025	7138.83	3916.517	0.22259505196573215	0.09572854838018052	0.35869969664769835	D1
251.0	37.25084957265725	6609.0854	3729.9214	0.22489458947490526	0.10705748827440212	0.48447281991793034	D1
0.0	36.73827380941259	2463.9836	3634.2856	0.2354937684875148	0.11292220553024301	0.5767082036555369	D3
1.0	28.020150629788912	2323.0347	983.4153	0.4674515530477036	0.05946938603762059	0.5305530133179812	D3
3.0	37.216536126746114	2213.2385	3898.3113	0.19587318144855226	0.12269743605602235	0.6493228275875031	D3
4.0	28.803535948285024	1610.857	657.6885	0.295473534741299	0.03871896926030531	0.22399519974489845	D3
5.0	34.08356549235253	1347.7777	2669.322	0.22479685358463208	0.09220033631124014	0.5003177599674682	D3
6.0	30.528469884759623	4157.332	1010.53723	0.3546906386275781	0.04779898774837224	0.2918777902252834	D3
7.0	36.93724040218557	3512.0994	2282.575	0.15476621308876148	0.08721377972123992	0.26278253429395065	D3
7.0	0.0	173.30501	226.14941	0.29758348732914097	0.08721377972123992	0.26278253429395065	D3
7.0	6.266569289371519	855.552	624.92584	0.27520677507389657	0.08721377972123992	0.26278253429395065	D3
7.0	0.0	272.54156	383.6443	0.2713487772778175	0.08721377972123992	0.26278253429395065	D3
7.0	0.0	45.88289	52.45222	0.25791499560211295	0.08721377972123992	0.26278253429395065	D3
8.0	28.70531787306694	963.3657	596.90533	0.3408533166976524	0.03442496980478173	0.22376971420063801	D3
9.0	30.30296864928558	4424.281	2521.2014	0.24192494541641474	0.08418626315192416	0.4551242147260737	D3
10.0	66.21258740923457	1007.23584	216.53368	0.24712024408685074	0.010051435725680366	0.014743656784993689	D3
11.0	30.93979359601893	851.17615	334.3757	0.2998721096773542	0.02166164241237362	0.07843253002551982	D3
12.0	32.09613995718038	4816.6714	2707.926	0.3241662969541851	0.09837445169312561	0.6064454246840671	D3
12.0	0.0	31.201603	54.352966	0.3426027024522277	0.09837445169312561	0.6064454246840671	D3
12.0	0.0	18.869122	34.23281	0.3358808165207694	0.09837445169312561	0.6064454246840671	D3
13.0	38.204394574224146	7745.203	2410.9172	0.2899972345232058	0.0802128020596089	0.41483968000500704	D3
14.0	39.13299438778438	8100.1504	2066.412	0.3476990188504464	0.07220526699834996	0.4062416916816929	D3
15.0	33.79429672803145	1085.3116	1412.0834	0.2254714096719611	0.04422393435524284	0.14397639372546664	D3
15.0	8.824247938630537	77.732956	135.64359	0.10068133441404925	0.04422393435524284	0.14397639372546664	D3
16.0	40.27449272794743	10496.54	3050.2637	0.2537738709735664	0.0917462405222784	0.4484214639758867	D3
17.0	30.594477464275393	1647.765	791.62427	0.30101592629047813	0.03845556499085099	0.23428680317630166	D3
18.0	0.0	737.5137	1371.2648	0.20508196235593246	0.0975796216848722	0.3292900446425132	D3
18.0	37.63695349215926	5412.546	2249.1565	0.24852414934723366	0.0975796216848722	0.3292900446425132	D3
18.0	0.0	290.68192	500.26035	0.27046911765494086	0.0975796216848722	0.3292900446425132	D3
19.0	40.78384415495522	1971.4196	3417.9348	0.18697233774618782	0.09341234428914995	0.39282086016860185	D3
20.0	31.326407529137757	3089.7197	1225.4688	0.2711982144461458	0.045705228235929124	0.22250293020232736	D3
21.0	31.930202190478084	1365.8083	2319.7302	0.17909909527267753	0.09838556639086778	0.31719785822700397	D3
21.0	27.253729549156656	1047.9321	1950.3962	0.17279612409165768	0.09838556639086778	0.31719785822700397	D3
21.0	3.9155326161382287	38.28413	88.61475	0.21162600585834335	0.09838556639086778	0.31719785822700397	D3
22.0	23.986054184303082	503.92398	291.1184	0.8809937221240239	0.095140484684597	0.409647741019297	D3
22.0	23.00731640866002	464.39355	57.79411	1.0	0.095140484684597	0.409647741019297	D3
22.0	31.648873339274324	1520.4923	3140.9758	0.20296650609039768	0.095140484684597	0.409647741019297	D3
23.0	0.0	653.5833	481.4674	0.20090212372653116	0.05685786732245748	0.14678043696156537	D3
23.0	48.24466744705844	6792.844	2014.6161	0.15996576851991207	0.05685786732245748	0.14678043696156537	D3
24.0	69.32524132053575	2381.023	390.46713	0.21730278318808294	0.01179002733453485	0.01768011258323588	D3
25.0	36.38145808889903	4050.5212	2329.759	0.2468382528283145	0.07150645648346501	0.34976365991792135	D3
26.0	40.90731460966515	2900.5588	4788.0947	0.21008133318407907	0.13071598705529391	0.5889663040011937	D3
27.0	38.82592889763117	2428.3506	4311.9937	0.19820347405509342	0.1260323242864999	0.6128443513955839	D3
28.0	34.14270074963115	4753.5054	3772.0374	0.27757377418268525	0.12336273627614716	0.6932248206967659	D3
29.0	41.22497614790308	8780.901	5901.927	0.15716060654621078	0.12465240455007473	0.32298735989085503	D3
29.0	0.0	240.39716	200.69858	0.26246332075481893	0.12465240455007473	0.32298735989085503	D3
29.0	0.0	113.20523	60.954327	0.28987165908940016	0.12465240455007473	0.32298735989085503	D3
30.0	35.08872555230989	5714.553	3600.9973	0.2888129646696992	0.12462882369266406	0.7568971352345993	D3
31.0	40.32455011901398	11175.147	5069.885	0.20804770448972842	0.12206355813411919	0.48227216843809806	D3
32.0	40.417824709006524	10561.992	5051.6807	0.2188901864163555	0.12472599022464177	0.5165120604234374	D3
33.0	35.01774809421013	1612.8208	3173.559	0.2142106712621744	0.10400153246099947	0.5515045418630266	D3
34.0	40.509224630794584	2281.664	3481.7766	0.20474140928220308	0.10011952506771737	0.44747483119661075	D3
35.0	47.28312647230426	3151.8616	4911.738	0.15145541710603183	0.11300691178021922	0.3957308902651935	D3
36.0	40.04510197897437	1778.1561	3348.6387	0.1959438045930577	0.09720499413208318	0.43403330701577414	D3
37.0	40.613666340083995	2232.8015	3880.996	0.1910154844006946	0.10135910876506422	0.4111991638776268	D3
38.0	46.546409985763844	12671.654	8605.539	0.1315802448868243	0.14516596672338203	0.38168653222383175	D3
39.0	36.251847922422265	2009.7438	3569.5195	0.18799580744222466	0.11036592590122496	0.5503414996219405	D3
40.0	38.596639910896926	10050.992	5190.3735	0.17642853799232727	0.12053396999667695	0.44417538870454776	D3
41.0	38.92452250956886	2279.456	3872.316	0.18157927778195848	0.11077584997126787	0.509567234678055	D3
42.0	43.481066690435	12618.229	4693.149	0.24449370720744834	0.12239463187810917	0.5420818192172628	D3
42.0	0.0	53.64674	56.54889	0.2806732161053962	0.12239463187810917	0.5420818192172628	D3
43.0	48.535095506262316	5524.59	6722.631	0.15187614040922226	0.13051078804068122	0.41291206010462533	D3
44.0	40.55236015681336	2206.7532	4201.3174	0.20474479430462988	0.1207658906809461	0.5792013694278697	D3
45.0	36.25926669829496	6982.0386	3089.3467	0.3118004244953926	0.10596808099267775	0.6279855013193523	D3
46.0	37.08984424865536	2077.9004	3577.1917	0.2356208563071045	0.11379925815699454	0.6064102940211519	D3
47.0	0.0	298.02716	551.02765	0.21329540390982538	0.08150742519687335	0.2162226077825009	D3
47.0	29.86937627635586	2342.1665	1526.0509	0.14003189180145348	0.08150742519687335	0.2162226077825009	D3
47.0	0.0	426.252	502.3579	0.2682208905240785	0.08150742519687335	0.2162226077825009	D3
47.0	0.0	452.41165	815.303	0.175981960891626	0.08150742519687335	0.2162226077825009	D3
47.0	30.972376671284746	2075.6616	485.9655	0.6133392723471296	0.08150742519687335	0.2162226077825009	D3
48.0	39.17077916185025	9150.636	2890.3955	0.3390386322577975	0.08923758622024719	0.46913766077132923	D3
49.0	42.04062382370256	11822.44	3701.028	0.2322918418309391	0.10490343943554563	0.4891489342131855	D3
50.0	35.80954220751967	2370.5369	440.71332	0.35895912544103326	0.024904920074840072	0.11775024297869681	D3
51.0	38.93488626103085	1946.1053	3671.9243	0.18671530008286086	0.10745873573005384	0.4939641086487425	D3
52.0	40.587166921984945	2331.1487	4062.0508	0.18782842737085548	0.11020623455803649	0.4778433130891309	D3
53.0	33.98675663038126	2842.2993	374.59497	0.3236465583568279	0.020609714535644946	0.07426754782176669	D3
54.0	43.2111398745191	9577.284	6263.8525	0.1330761909843735	0.11023939270789086	0.3013520827734442	D3
55.0	40.72114289693984	11494.404	5210.2876	0.1560990555063244	0.11423862244378376	0.3941492075049783	D3
56.0	40.083704529714424	7078.4424	7443.869	0.14513425658427404	0.13481366942222522	0.39249420335872504	D3
57.0	40.1306488208078	7444.064	2883.051	0.36578151950743454	0.09525558546843527	0.5527436059835218	D3
58.0	42.73545234900186	8611.391	9476.033	0.11991495299237154	0.1454946091268816	0.32144363616925997	D3
59.0	41.642064569515874	2291.1575	4518.1436	0.2004064638800761	0.11997690994701148	0.5159952208374506	D3
60.0	37.23640565991081	3320.6091	4565.6514	0.1783394677510165	0.13148575899366166	0.6093878736964777	D3
61.0	41.17927940653678	2753.636	5064.0854	0.20454292121735707	0.14009221851197493	0.6551081385031863	D3
62.0	0.0	146.00328	266.80704	0.34245141248672817	0.11754549281446325	0.43605898005386257	D3
62.0	0.0	16.656229	42.60022	0.28832278946259204	0.11754549281446325	0.43605898005386257	D3
62.0	42.18433103544734	9677.239	3566.803	0.22251884909487085	0.11754549281446325	0.43605898005386257	D3
62.0	0.0	124.88976	47.583702	0.33801560595829616	0.11754549281446325	0.43605898005386257	D3
63.0	45.73319511411331	8503.313	6034.2803	0.17877681277994695	0.12073022172021496	0.3722341781151003	D3
64.0	43.030247985962	10141.558	4147.162	0.19318097199095285	0.10707841859486547	0.40363545970342973	D3
65.0	40.671573623670064	2085.9968	4020.6335	0.19065800380380105	0.11234249469925836	0.5050398281195643	D3
66.0	41.90284312277126	10630.219	3369.7092	0.208377701502221	0.09081900863530225	0.39276051762973846	D3
67.0	41.480271803840246	10734.187	4480.533	0.19196589155741628	0.09911026317311686	0.3391387800764398	D3
68.0	43.38972794164777	2672.3804	4510.6133	0.1722534778614061	0.1166642348878717	0.4823367219801744	D3
68.0	3.648850060546816	28.803398	46.20572	0.2861717180022785	0.1166642348878717	0.4823367219801744	D3
69.0	41.211925106452824	10843.367	1893.4219	0.3446085732108529	0.062034837781395395	0.31680049927840687	D3
70.0	41.84824656131424	9725.242	7375.8423	0.17671515032387475	0.13493378497879946	0.4064615432534858	D3
71.0	42.64882368241371	10823.533	6505.834	0.22897516686522068	0.1563428978421017	0.66136329155042	D3
72.0	35.76444674346619	9327.778	6444.7715	0.16254716104215805	0.12049776471663391	0.34880353159520916	D3
72.0	0.0	47.632496	80.44006	0.18709035382696504	0.12049776471663391	0.34880353159520916	D3
73.0	38.59315535891846	9978.87	5048.5337	0.23083902313916116	0.12429617083187298	0.5144123388326173	D3
74.0	54.0378842207428	20121.885	6718.195	0.18960146932905775	0.14830577088657762	0.5207259809071205	D3
75.0	37.563630617494105	7991.294	2974.971	0.3060046682144788	0.09539216592721843	0.49899636017572235	D3
75.0	0.0	21.532232	27.395988	0.3657610550030652	0.09539216592721843	0.49899636017572235	D3
76.0	39.969467419461424	8882.184	4248.5728	0.2952317531483104	0.13283465558294097	0.7471684723871936	D3
77.0	32.054211604914855	3782.6465	1009.9133	0.2941122174468995	0.04701946048605385	0.2985937474747055	D3
78.0	51.21273812881451	7399.552	6553.251	0.13371323567391813	0.12233684998746826	0.3360181155760764	D3
79.0	41.819313643006154	11503.023	2297.246	0.2735850117270586	0.06980432840768326	0.33078432673312363	D3
80.0	43.78466498832494	11881.285	4018.2449	0.23145509776230977	0.11197404081315257	0.508800977288892	D3
81.0	35.974408607792924	1999.0532	3758.0212	0.19892388181745324	0.11736027143616436	0.5900890519255461	D3
82.0	39.45301152113777	10303.636	3007.1958	0.1934662146473458	0.07593657209273214	0.2820571958922168	D3
83.0	41.77587669391846	12216.432	4304.401	0.2830475904697811	0.11752053234226914	0.5513896943453906	D3
84.0	43.505803467683	13463.926	5168.421	0.2662987579148919	0.1301636144220966	0.5737861953789922	D3
85.0	42.539894599500826	10114.5205	5147.746	0.25985196228383334	0.12355805665148878	0.4974110078987919	D3
86.0	37.37879471967411	6100.7666	3140.8477	0.3242083786007963	0.11019383537445882	0.6793570682606032	D3
87.0	43.28421707528218	12426.927	2883.902	0.28465416026810597	0.0812699398987921	0.369301439153801	D3
88.0	40.853033583639856	9694.042	1977.4708	0.4707132780233628	0.07313980108614447	0.457653387131711	D3
89.0	39.16562883914548	3502.8904	5203.6997	0.21401915395269633	0.14692751326138326	0.7006818280475101	D3
90.0	38.3992669548562	9902.44	4836.7573	0.16223234875328296	0.11116664676280302	0.39406580494572074	D3
91.0	39.14673852531862	6327.3047	3259.4714	0.31779689441995806	0.10208471111709244	0.5415580878299157	D3
92.0	51.423698630917904	10653.082	15906.317	0.14225559449540437	0.3006069890010744	0.8818171522344393	D3
93.0	43.20802746482914	12090.347	2349.1936	0.2512502717807925	0.065638100627579	0.2777398765144287	D3
94.0	46.79710283602627	4647.544	5799.573	0.15954192640582376	0.1247862868088245	0.42002566358323706	D3
95.0	43.09427067182835	12501.285	2938.7573	0.23709350949668595	0.08050181571252712	0.3390877066281869	D3
96.0	39.517724925781216	3612.7397	5180.795	0.181482996188024	0.13373268605389382	0.5693769323817988	D3
96.0	0.0	31.627495	49.390915	0.3150380521296323	0.13373268605389382	0.5693769323817988	D3
97.0	36.248137965095616	5602.706	4319.3677	0.19229343455827408	0.12044947202511962	0.5464784283239013	D3
98.0	41.42187170507398	9491.881	6913.7754	0.16111071255026632	0.146902342660405	0.5175195693069738	D3
99.0	39.79073783611768	6656.24	2449.8823	0.4458039805842099	0.08675485617962687	0.543755478836232	D3
100.0	39.53813873252839	8281.189	2776.643	0.3242625539787176	0.0878814022876565	0.46732067926661763	D3
101.0	0.0	23.321346	37.720463	0.26772018593848257	0.11165983463592104	0.43988747645960613	D3
101.0	44.68609451271224	13703.392	4562.509	0.23260486169045846	0.11165983463592104	0.43988747645960613	D3
102.0	40.03670519500692	9872.213	5809.984	0.18549196113756317	0.12832268628698118	0.4482264171853412	D3
103.0	34.72270632845201	2087.2412	4260.8247	0.19903455404343595	0.14473589726515165	0.8139947544629901	D3
104.0	40.84644916364647	10355.345	6881.6206	0.14752488824413124	0.1338884046987065	0.41484597339442597	D3
105.0	41.20050205387658	10167.633	7104.15	0.15216670694435996	0.14774388316282808	0.49436749762505483	D3
106.0	40.55899231977483	10248.803	2933.8298	0.24032174675655738	0.08802248006564467	0.4141720149829761	D3
107.0	41.010742519120775	11317.847	4486.1787	0.2654601506622565	0.12424847144479106	0.5876596603465412	D3
108.0	39.97787832576851	8231.555	2642.7195	0.21734078021871306	0.079165284956546	0.3774086662469911	D3
109.0	47.8303261823617	13885.009	3426.3577	0.20355145632455807	0.09681952476582313	0.31856239200642567	D3
109.0	0.0	333.88785	709.66345	0.2567295931395871	0.09681952476582313	0.31856239200642567	D3
110.0	40.82339533039331	10244.787	2762.5176	0.31057002192401895	0.08270114546642503	0.4103263272976809	D3
111.0	39.8869466790411	9159.677	3773.693	0.2815079819405816	0.11404270210356625	0.5862542023957036	D3
112.0	46.70792980187662	13392.645	4041.1406	0.23788963983743894	0.1092387157064622	0.46757423947169874	D3
113.0	0.0	20.073658	38.789536	0.32567338750243946	0.12036676117151024	0.5676259569203024	D3
113.0	38.98321400440147	2673.2783	4253.721	0.19892857184736223	0.12036676117151024	0.5676259569203024	D3
114.0	42.70239668928013	3361.858	5553.532	0.17614521671099215	0.14384976340758515	0.6098824462538559	D3
115.0	40.42115196356734	11002.523	5954.1553	0.2233106745922807	0.138482336771301	0.5529191445341897	D3
116.0	38.36948581767544	7121.064	2210.4226	0.2632990352521136	0.07438262300636415	0.39029767480574495	D3
117.0	0.0	25.225834	41.32473	0.3333155430091175	0.14330033162962055	0.7954324689051482	D3
117.0	35.02926772216389	7128.3057	4475.8555	0.24182841531737231	0.14330033162962055	0.7954324689051482	D3
118.0	42.93481804074305	3635.0085	5921.545	0.1617035956481615	0.15483350333649004	0.6608982043668469	D3
119.0	34.99469746213853	4283.292	4667.971	0.1799561567161735	0.11947078760113153	0.4921140949260159	D3
120.0	35.781364202730494	6368.249	3289.261	0.21983644459711382	0.10065781883516603	0.4890755290988953	D3
121.0	0.0	61.220825	74.80774	0.3822286314966655	0.1036032129543224	0.5705522988905578	D3
121.0	41.983003205073494	9824.523	3270.9517	0.3733969979152302	0.1036032129543224	0.5705522988905578	D3
122.0	39.35232456157048	7310.049	3891.1338	0.2621818162195053	0.11242557005037937	0.5463003656785138	D3
123.0	36.80045222562355	2151.94	4156.2676	0.19193894512375376	0.12762344971369022	0.6447853627496443	D3
124.0	0.0	18.310604	28.763062	0.3435383549178638	0.1334397717146587	0.5609929353763028	D3
124.0	43.454768435472545	3129.2542	5178.0264	0.17958519920283667	0.1334397717146587	0.5609929353763028	D3
125.0	41.138435851023885	10713.462	6620.4487	0.15931057741506294	0.1537801829301004	0.5814499886159317	D3
126.0	0.0	72.87154	113.31541	0.2319457940419526	0.12371409421658573	0.5387189158497541	D3
126.0	37.35720096009048	8030.3354	4638.9854	0.2246412269395871	0.12371409421658573	0.5387189158497541	D3
127.0	40.063568709021624	2660.9326	5111.5474	0.1823273617374871	0.14101765468131378	0.6661279700054421	D3
128.0	41.984604845635076	10787.346	3818.2375	0.31116877064902093	0.11176735586260712	0.5600932077462699	D3
129.0	39.93748982076925	2916.9038	5723.627	0.19032306092281237	0.15935831924418714	0.7584992733475631	D3
130.0	36.765718426260364	5056.5513	4157.431	0.19191138307837508	0.11822845154788354	0.5380532224213184	D3
131.0	39.51261982618936	9414.726	2660.3774	0.2692986597918813	0.08172758908494543	0.4070480853024454	D3
132.0	41.52725660094742	2739.504	4564.4966	0.173765624071886	0.12203931133363427	0.5180575499503459	D3
132.0	0.0	18.122864	27.559546	0.338630265861668	0.12203931133363427	0.5180575499503459	D3
133.0	35.70799732635324	5977.279	3126.7935	0.2811215488330414	0.1064251480706053	0.6076074526165051	D3
134.0	39.229102228593916	8585.297	2398.9023	0.2428873608105797	0.0761196820096087	0.36381966479055117	D3
135.0	36.21658798367249	5822.219	3906.413	0.19152379737626068	0.11428423051508702	0.5504970970658357	D3
136.0	36.39808876873249	4894.053	4054.0654	0.17704785161508452	0.11447824409170451	0.5132364930684268	D3
137.0	41.8096648875669	3128.2793	4142.188	0.21352681690648412	0.1127143330642672	0.49396718069849965	D3
138.0	35.99496381268476	2298.034	4495.175	0.16744439024772084	0.14139335335802802	0.7287536092762018	D3
139.0	44.32044052676134	13763.882	3874.437	0.23030200820981328	0.09586769588411105	0.37677249605589	D3
140.0	36.11246368322137	6102.6997	3107.1846	0.35687650874784993	0.11094179052849222	0.6844739885026918	D3
140.0	0.0	34.317528	27.594524	0.4034651257792662	0.11094179052849222	0.6844739885026918	D3
141.0	37.095282775175754	2752.2764	4734.5127	0.1929874019767872	0.13830317569384995	0.6805317895319989	D3
142.0	40.18088541317105	2502.7678	5159.528	0.2012644282359095	0.14348350408594868	0.669413950743434	D3
143.0	36.35557302116884	7109.3555	3624.0862	0.4282266973065294	0.13318307951278527	0.9176511860522687	D3
144.0	37.359000916773695	3927.1746	3667.694	0.2163372383980512	0.11315104280712865	0.5614156511731585	D3
145.0	39.63156747357916	2774.7615	4695.185	0.19944970054540745	0.1338727624133427	0.6411486176631237	D3
146.0	37.713699938194914	6254.5156	3629.3875	0.3443383648885865	0.12815635941565698	0.8222181532040993	D3
147.0	37.93414580513672	6945.73	2889.5735	0.32573636676873585	0.09993725253589866	0.5932167787706888	D3
148.0	36.13480129175936	6653.4473	3003.5276	0.2859248085987539	0.09517508692156187	0.5114979140297788	D3
149.0	34.59076888046666	5516.436	3514.8672	0.2639130969697644	0.11619591909310117	0.6470461156712682	D3
150.0	37.0136209720041	7054.4683	3163.6294	0.2248476517023984	0.09950125030041546	0.5055940267142202	D3
151.0	37.65302964587542	2496.1511	4486.525	0.1868601440779194	0.13470932756004494	0.6707852652745885	D3
152.0	38.96250945447445	2312.251	4462.5107	0.1875457874997717	0.13110349242708222	0.6431572174908551	D3
153.0	41.22497614790308	9272.191	2222.9224	0.2787956349084252	0.07078840543222131	0.35481753663835214	D3
154.0	38.72013834198219	2876.6213	5430.963	0.21596636056841545	0.1631717519335853	0.8783858367170236	D3
155.0	36.73461297797414	6065.692	4874.0317	0.28887592931646244	0.14506907611193717	0.7692908923611008	D3
156.0	42.44969887646576	3746.25	4857.7314	0.23718611621441965	0.1356400519936927	0.6488980064959732	D3
157.0	37.11340544115262	2815.052	5091.4463	0.2014432062466298	0.14935918402183299	0.7586362352638049	D3
158.0	36.06028878584347	6938.5684	3426.592	0.33422560150200464	0.12553086928635718	0.8111273182765792	D3
159.0	41.45270423220841	10184.676	3484.2708	0.3808624781542027	0.1134885372344061	0.6632280457284838	D3
160.0	40.27449272794743	2886.894	4218.245	0.2765458254179044	0.12452589816184786	0.6074318815984086	D3
161.0	38.650610294608974	3298.4346	3706.327	0.22258923348301107	0.11173650255229728	0.5570264949452828	D3
162.0	35.72682370891619	2028.0881	3945.1257	0.20415754336637715	0.12513618991460693	0.6510030392725041	D3
163.0	34.03025590037258	6144.6084	4501.402	0.22008327796503835	0.13237416748328407	0.6538952526239418	D3
164.0	43.581472505955766	12356.907	4842.466	0.2215484645470226	0.11870466918575699	0.4888717701856493	D3
165.0	35.21115959760108	3453.3809	3873.0796	0.1908316256137348	0.12004080749004223	0.5952409610586686	D3
166.0	41.793578678327115	3119.2632	4883.9185	0.27190713367943	0.13368881034889896	0.6391231419155754	D3
167.0	39.80256548303181	10665.719	5299.8867	0.23201472964563097	0.12911297413545658	0.5397460760467327	D3
168.0	41.07627586632126	3003.32	5743.0215	0.19416643804503908	0.15610619901403888	0.7329887668907065	D3
169.0	40.06524708059853	2600.2231	5347.5605	0.19576751278164295	0.1494389724854276	0.7174366905619696	D3
170.0	40.449422577081606	9134.574	2447.3477	0.39903426355533633	0.08718466388052541	0.5319844458576717	D3
171.0	33.8638671563686	3591.738	5382.95	0.18521952449037515	0.17220636050434363	0.9566287735844681	D3
172.0	39.2085275232126	8452.52	2481.4155	0.32649200376323695	0.08487149562090678	0.4811942532771176	D3
173.0	35.57782376849203	6700.553	4436.726	0.19144460369313998	0.1346650979874675	0.6726308925795451	D3
174.0	36.8953459424066	2421.6252	4652.8057	0.1891218015299415	0.1438004349636575	0.746917365865206	D3
175.0	34.09145611995966	6650.133	4222.31	0.2319573910594852	0.1261292909523014	0.6303695890578063	D3
176.0	37.25806942921747	6656.384	3352.0413	0.40034991818952304	0.1183667300129583	0.7603697709810964	D3
177.0	37.54393426336006	6570.8257	3250.9358	0.31347349829563675	0.1087826203101946	0.6283003002616343	D3
178.0	38.14450475845737	7789.2075	1140.9551	0.30791239535035675	0.04484291123532008	0.2393164047725172	D3
179.0	38.28702917892563	8793.987	3002.536	0.22096658391276014	0.08703386767475234	0.3842149104595913	D3
180.0	41.992612132120186	2565.7156	4853.798	0.18863621327363933	0.13046813489253728	0.5859042541380426	D3
181.0	38.53212468986979	2874.7705	4576.701	0.2371028844381231	0.13698527422737883	0.6872221653831145	D3
182.0	36.008038288205505	2639.2727	5058.6714	0.19288439352921338	0.16052835104683788	0.8625546413440364	D3
183.0	37.45607012959023	7566.2373	5710.849	0.3034227523948483	0.18107222795722294	1.045034877069528	D3
184.0	33.720594775989184	6502.5674	4857.2983	0.2883092987582869	0.14044618959986174	0.7072967361556892	D3
185.0	36.49034341249974	6481.0786	3092.1604	0.2999668617514262	0.09228350576696105	0.4492949609239223	D3
185.0	0.0	29.034626	34.852737	0.30650074411342254	0.09228350576696105	0.4492949609239223	D3
186.0	37.25987417476477	2611.6318	4972.8853	0.20588228722863167	0.15242798460386928	0.8067286582407112	D3
187.0	29.876129215801505	3820.877	4401.102	0.17676994457141293	0.13789977459472946	0.5502012300416267	D3
187.0	34.01049040187036	3933.3545	1367.5385	0.5579194689568775	0.13789977459472946	0.5502012300416267	D3
188.0	35.95384165126735	5942.9536	4146.3765	0.27721091630308126	0.14117829989354208	0.8471670715072173	D3
189.0	45.08608194648021	3780.4258	5168.847	0.21238339253789074	0.13062637365389324	0.5468266109504658	D3
190.0	37.402173890636384	2171.859	4121.901	0.18360883137577044	0.1264626856177197	0.629440239939181	D3
191.0	33.89562322210321	2624.9802	4327.962	0.20104852931114825	0.14288489851825656	0.7878456027463243	D3
192.0	35.8827014627066	7677.4526	3521.291	0.22841116732261657	0.10471819908994479	0.5147780454614311	D3
193.0	40.59379339826126	2926.6843	4344.8164	0.20649874433786986	0.12562947834180055	0.5892002543567533	D3
194.0	42.201861690027904	2848.8584	4902.199	0.2076055470619168	0.135057979051623	0.6253468590749127	D3
195.0	39.499003001514744	3827.9229	4442.5127	0.18041262050577933	0.1167636474514426	0.4860586850807609	D3
196.0	40.5556763738657	8754.551	3499.3174	0.48532302328337906	0.12352023362974339	0.8307016452496783	D3
197.0	40.77395036655387	2958.7644	5460.271	0.17550216235723826	0.14279190974772427	0.6182957043311219	D3
198.0	39.584031306314714	9723.581	3438.0957	0.5033764185268605	0.12303334079829767	0.8350207877218325	D3
199.0	0.0	45.274677	82.03059	0.23358324925878715	0.09758880179971191	0.6024793041587853	D3
199.0	38.685389938373206	9114.544	2732.8628	0.3911213180933316	0.09758880179971191	0.6024793041587853	D3
200.0	35.77196660198988	3958.1902	6044.6445	0.18702012743748553	0.16434347593148535	0.7616724466038883	D3
201.0	37.1061574368962	6742.7773	4123.491	0.36054376479556094	0.13507580207187433	0.8137955680543216	D3
202.0	37.100720504472534	6751.366	4111.2695	0.21618086500805156	0.12861835326278354	0.6428971256358726	D3
203.0	35.63825323669893	3258.7454	5025.9175	0.18461333181055484	0.15000020393519942	0.73003830695483	D3
204.0	34.697521780698644	5013.3647	4918.835	0.18675942322697814	0.1422643623454233	0.6674920152289647	D3
205.0	1.8699289023192673	95.88727	50.868614	0.352914542266231	0.08235418845690527	0.4802145746862278	D3
205.0	39.458124332864166	7949.03	2266.3906	0.3585086407952641	0.08235418845690527	0.4802145746862278	D3
206.0	39.36257567742054	7685.316	4711.335	0.24988572981817903	0.13805504064423496	0.6940597552455867	D3
207.0	37.45966045503625	9282.142	3359.8025	0.37909816702277754	0.11756626174631797	0.7315566411458343	D3
208.0	35.55135357655317	6216.037	4305.79	0.1969400695214618	0.11085062802765697	0.4246427793344486	D3
208.0	0.0	53.799522	72.21075	0.23826533355279278	0.11085062802765697	0.4246427793344486	D3
208.0	2.008625850520586	41.275818	45.887352	0.26855213789923926	0.11085062802765697	0.4246427793344486	D3
208.0	0.0	20.356703	34.375713	0.24505951638672674	0.11085062802765697	0.4246427793344486	D3
209.0	34.600487299696006	4119.006	3891.3389	0.22283499965640907	0.11224073124090467	0.528592021757952	D3
210.0	41.311335157817744	9427.558	5160.0835	0.2382980473724795	0.13994999881112494	0.6490901279721308	D3
211.0	36.76388942253183	8383.772	6823.424	0.1673573047382957	0.16781591026751716	0.6575468260597828	D3
212.0	37.75824825387188	9295.555	5263.433	0.35073830868320666	0.16158515848229035	0.90862546839644	D3
213.0	41.086096852920974	8015.6226	2661.166	0.4352787279472766	0.0885324044658353	0.5137687450812272	D3
214.0	35.530541734246896	8209.187	5208.724	0.22457174470165486	0.15592632840592147	0.8150378812731165	D3
215.0	41.203766106332	10386.3545	3817.4744	0.3759875773744715	0.12135189755104787	0.6938426810823022	D3
216.0	36.826024588423586	8285.843	4249.313	0.42075023236842213	0.14332800696889866	0.9024672681892472	D3
217.0	37.109781615977646	7550.402	2790.227	0.25884289436242236	0.09174398362076498	0.4872088000790837	D3
218.0	37.41655381192532	7423.6245	5055.541	0.23307816952958227	0.14587159352211285	0.727724613235214	D3
219.0	36.657651066471985	8105.04	4081.8347	0.29325136931306195	0.11991800209648323	0.5793297045396046	D3
219.0	0.0	110.439835	125.67801	0.3257642101107465	0.11991800209648323	0.5793297045396046	D3
220.0	40.085382058206214	2752.1135	4922.3667	0.1869665020608582	0.13550285380392613	0.6055091239229995	D3
221.0	35.97253937037992	3174.4683	4841.663	0.19091062173147755	0.1479915351388162	0.7600272933514578	D3
222.0	42.664587432234	3427.8706	5460.145	0.1742420049604413	0.13872909415410092	0.574932981774878	D3
223.0	36.44609032689596	8842.125	3148.7837	0.24428644896560225	0.09224587265651207	0.42509299770527764	D3
224.0	41.793578678327115	10684.334	3281.2566	0.4326109991641923	0.10837242774393191	0.6416943739194882	D3
224.0	0.8200180696565521	68.20322	67.79559	0.2914426911646929	0.10837242774393191	0.6416943739194882	D3
225.0	41.68886702097092	2848.803	4688.9595	0.18638915151589597	0.12536952104782048	0.5601588082887756	D3
226.0	39.2153869577513	9049.825	4279.7173	0.3305783165864913	0.1361837310507174	0.7639911089895779	D3
227.0	40.62525440009035	8970.896	3414.8113	0.31891382262664314	0.10348048112254506	0.5427899676813787	D3
228.0	39.35915893546042	9102.238	3778.0552	0.2887963086046138	0.11730517394036095	0.6179814737033144	D3
229.0	0.0	133.45049	225.97585	0.2731396784488843	0.10252415555086672	0.2625816718325964	D3
229.0	0.0	10.105349	17.816526	0.30128796126068635	0.10252415555086672	0.2625816718325964	D3
229.0	32.71656296584031	5449.9644	1310.0802	0.25189731952933114	0.10252415555086672	0.2625816718325964	D3
229.0	19.73843282193274	1802.2288	514.8767	0.3116434545572616	0.10252415555086672	0.2625816718325964	D3
229.0	0.0	1013.4614	641.204	0.23021322064352245	0.10252415555086672	0.2625816718325964	D3
229.0	0.0	1034.3185	1501.5643	0.1892629290818293	0.10252415555086672	0.2625816718325964	D3
229.0	9.87432514208806	421.35867	110.42174	0.4925284262757599	0.10252415555086672	0.2625816718325964	D3
229.0	0.0	19.834467	60.42318	0.11462598902227383	0.10252415555086672	0.2625816718325964	D3
230.0	41.49647946741495	11571.977	3321.8796	0.34452227813442693	0.10379360590317765	0.5711088410447542	D3
231.0	39.5347371633964	10302.768	2884.6018	0.33385820983985903	0.09228837409149034	0.4976829634318047	D3
232.0	37.96072584750009	7788.048	4979.125	0.25281422251019836	0.14127578519009104	0.6896939595586014	D3
233.0	39.04870598797921	3094.2656	5510.832	0.18733755630322801	0.15889523956065857	0.7639332340322589	D3
234.0	36.14038353664322	7980.343	5478.4116	0.22976639541717092	0.158974865239985	0.8075231780939207	D3
235.0	39.819456027175484	10087.286	3392.64	0.36726107398994956	0.10858626875971884	0.5857833799224357	D3
235.0	0.0	22.711323	35.40072	0.3183329320531204	0.10858626875971884	0.5857833799224357	D3
236.0	36.12363421409117	3954.5435	5056.304	0.18570733760481695	0.1342884760406767	0.5424216565198657	D3
236.0	1.0372499290437251	30.578617	49.175995	0.26034743933429094	0.1342884760406767	0.5424216565198657	D3
236.0	1.0372499290437251	38.51618	63.28802	0.2886529610949339	0.1342884760406767	0.5424216565198657	D3
237.0	38.30458801001557	8857.304	4830.827	0.24787089759822656	0.13489728771338094	0.6369758300581541	D3
238.0	41.519159567197015	9583.799	3338.5417	0.20570857375527263	0.09137671400508746	0.3943646062224647	D3
239.0	40.14740133617777	8527.867	4885.946	0.21771003326306138	0.13192579935715104	0.6201487412436781	D3
240.0	39.64853086410623	9506.723	5140.6553	0.29378189895091666	0.14806520055153014	0.7507171691850039	D3
241.0	0.0	98.93268	153.40038	0.23355499331172658	0.09317601707439925	0.44229055906586995	D3
241.0	42.28622570330219	10174.08	3056.2834	0.3315100568313839	0.09317601707439925	0.44229055906586995	D3
242.0	41.028774624227566	3358.9402	6052.6143	0.18100887332559212	0.15924186424807715	0.6996948272590051	D3
243.0	34.879215800413945	5587.9844	4694.909	0.23014150309874348	0.12038678934713143	0.5241076289284405	D3
244.0	0.0	714.6481	1292.9082	0.18841101997904364	0.10368525700452551	0.3251326543314754	D3
244.0	44.773286975159465	12469.849	2815.3032	0.24361495498682884	0.10368525700452551	0.3251326543314754	D3
244.0	0.0	158.60587	105.22663	0.32803397596696426	0.10368525700452551	0.3251326543314754	D3
245.0	38.23430430308001	3760.454	5318.011	0.1972732011897379	0.1433666695157713	0.6532380645757411	D3
246.0	38.29756544363333	5291.0557	5373.8794	0.20566049673822906	0.13149035743207027	0.5196980281325171	D3
247.0	0.0	28.448517	52.45513	0.275084730591605	0.13362750793630374	0.644919665098032	D3
247.0	37.9837468388642	8421.496	4635.9517	0.2254963503671571	0.13362750793630374	0.644919665098032	D3
248.0	43.59844138250148	3319.2805	5425.405	0.19169084729500407	0.1418005366812963	0.5840828038081198	D3
248.0	4.696348795998318	48.49224	81.8994	0.2572831531302744	0.1418005366812963	0.5840828038081198	D3
249.0	42.327550346439196	3255.6587	5444.3125	0.18913522922791415	0.14389921297567954	0.6244810035355604	D3
250.0	44.3219577005924	3620.5369	5329.6836	0.19440698367446774	0.13494619020081267	0.5723097166907511	D3
251.0	40.707930325892185	2971.1748	4688.216	0.2004310555969432	0.13065593614879434	0.595810226342343	D3
